[-0.335364, 0.0815204, 0.938555]
[0.096262, -0.109834, 0.989278]
[0.0916874, 0.37078, 0.924184]
[0.222635, 0.00810554, 0.974868]
[-0.252109, 0.0700169, 0.965163]
[-0.0406842, 0.0632901, 0.997166]
[0.301881, 0.115128, 0.946368]
[0.0786713, -0.233874, 0.969079]
[-0.127262, -0.0591421, 0.990104]
[0.0934408, -0.00428787, 0.995616]
[-0.0058895, 0.0209077, 0.999764]
[-0.034817, 0.0620277, 0.997467]
[0.177993, 0.117208, 0.977027]
[0.189905, -0.00885634, 0.981762]
[-0.330827, -0.114544, 0.936714]
[-0.339712, 0.0446561, 0.939469]
[0.223265, 0.182485, 0.957524]
[0.163907, -0.18274, 0.969402]
[-0.0466675, 0.00595354, 0.998893]
[-0.1582, 0.0825824, 0.983948]
[0.163249, 0.100523, 0.98145]
[-0.289066, 0.0285302, 0.956884]
[-0.0949719, 0.0363986, 0.994814]
[-0.253866, 0.261831, 0.931127]
[-0.268259, 0.175899, 0.947152]
[0.14196, -0.149715, 0.978485]
[-0.310888, 0.168514, 0.935388]
[-0.0458248, 0.242139, 0.969159]
[0.269599, 0.166148, 0.948531]
[0.0673717, -0.156984, 0.985301]
[-0.256705, 0.21579, 0.942092]
[-0.0731189, 0.21623, 0.973601]
[0.191326, 0.24703, 0.949932]
[-0.120714, -0.316689, 0.940817]
[0.150013, -0.120128, 0.981359]
[0.277351, -0.113196, 0.954077]
[0.312976, -0.150848, 0.937705]
[-0.0331428, 0.252562, 0.967013]
[-0.143805, -0.249806, 0.957558]
[-0.314914, 0.163969, 0.934849]
[-0.219681, -0.274132, 0.936265]
[-0.153989, 0.0104486, 0.988017]
[0.281714, -0.150533, 0.947617]
[-0.234831, 0.0533232, 0.970573]
[0.276443, -0.181963, 0.943646]
[-0.0439308, 0.11769, 0.992078]
[0.364107, -0.00987855, 0.931305]
[0.206893, 0.249663, 0.945972]
[0.270715, -0.143377, 0.951922]
[-0.0630765, -0.187777, 0.980184]
[0.210077, 0.292921, 0.932773]
[0.056293, 0.0197715, 0.998219]
[0.279099, -0.109033, 0.954052]
[-0.301282, -0.0506493, 0.952189]
[0.0217095, 0.0488864, 0.998568]
[0.0534561, -0.157776, 0.986027]
[-0.0527255, -0.316462, 0.947139]
[0.218971, 0.203929, 0.954183]
[0.280061, 0.0731945, 0.957188]
[-0.182501, -0.0741942, 0.980402]
[-0.0813272, -0.0914449, 0.992484]
[0.177876, -0.048135, 0.982875]
[-0.216671, 0.279801, 0.935289]
[-0.271652, 0.0372599, 0.961674]
[-0.125865, -0.172565, 0.976923]
[0.164701, -0.163395, 0.972716]
[-0.129095, 0.209044, 0.969348]
[-0.00695439, 0.263859, 0.964536]
[-0.339919, -0.1737, 0.924275]
[-0.265503, 0.00606723, 0.964091]
[0.123026, 0.0613037, 0.990508]
[-0.0468797, 0.0237332, 0.998619]
[-0.0602345, 0.0170469, 0.998039]
[0.127001, 0.12596, 0.983872]
[-0.228524, 0.231058, 0.945722]
[-0.0277033, 0.0602142, 0.997801]
[0.12565, -0.304448, 0.944205]
[-0.205306, 0.0683743, 0.976306]
[0.187814, -0.0396889, 0.981402]
[-0.145208, 0.207385, 0.967423]
[0.197315, -0.24694, 0.948729]
[-0.0271032, 0.285432, 0.958016]
[0.00253645, 0.177824, 0.984059]
[-0.049463, -0.293814, 0.954582]
[0.0869605, -0.327949, 0.940684]
[-0.102639, -0.00508801, 0.994706]
[-0.278264, 0.002929, 0.9605]
[0.113067, 0.33457, 0.935563]
[-0.144813, 0.0852319, 0.985781]
[0.0692568, -0.108366, 0.991696]
[-0.0457467, -0.010178, 0.998901]
[-0.167849, -0.153072, 0.973856]
[-0.0223647, 0.276914, 0.960635]
[0.034476, 0.0470921, 0.998295]
[-0.256498, -0.230206, 0.93873]
[0.141818, -0.0724521, 0.987238]
[-0.297161, 0.0652725, 0.952594]
[0.260115, -0.215654, 0.941187]
[0.247883, -0.20717, 0.94638]
[-0.0710652, -0.170386, 0.982811]
